=== Train & Validation Metrics ===
accuracy: [0.31453680992126465, 0.336921751499176, 0.34159648418426514, 0.34221896529197693, 0.3422311842441559, 0.3422311842441559, 0.3422311842441559, 0.3422311842441559, 0.3422311842441559, 0.3422311842441559, 0.3422311842441559, 0.3422311842441559, 0.3422311842441559, 0.3422311842441559, 0.3422311842441559, 0.3422311842441559, 0.3422311842441559, 0.3422311842441559, 0.3422311842441559]
loss: [1.9341152906417847, 1.845644474029541, 1.8372461795806885, 1.833978295326233, 1.8306618928909302, 1.8291195631027222, 1.827763557434082, 1.827574610710144, 1.827508568763733, 1.8261828422546387, 1.8248062133789062, 1.8245680332183838, 1.8243705034255981, 1.8238463401794434, 1.8236650228500366, 1.8232933282852173, 1.8229789733886719, 1.8229928016662598, 1.8226571083068848]
top_3_acc: [0.7317343950271606, 0.7552056908607483, 0.7554009556770325, 0.7554253339767456, 0.7554375529289246, 0.7554253339767456, 0.7554253339767456, 0.7554253339767456, 0.7554253339767456, 0.7554253339767456, 0.7554253339767456, 0.7554253339767456, 0.7554253339767456, 0.7554253339767456, 0.7554253339767456, 0.7554253339767456, 0.7554253339767456, 0.7554253339767456, 0.7554253339767456]
val_accuracy: [0.29126012325286865, 0.342398464679718, 0.342398464679718, 0.342398464679718, 0.342398464679718, 0.342398464679718, 0.342398464679718, 0.342398464679718, 0.342398464679718, 0.342398464679718, 0.342398464679718, 0.342398464679718, 0.342398464679718, 0.342398464679718, 0.342398464679718, 0.342398464679718, 0.342398464679718, 0.342398464679718, 0.342398464679718]
val_loss: [1.8760221004486084, 1.8941324949264526, 1.9030632972717285, 1.8858642578125, 2.2966763973236084, 1.8834764957427979, 1.8383159637451172, 1.8464080095291138, 1.9772138595581055, 1.8732298612594604, 1.8229843378067017, 2.0200448036193848, 1.9974498748779297, 1.8277833461761475, 1.8762359619140625, 1.8853126764297485, 1.8533389568328857, 1.9339369535446167, 1.8886041641235352]
val_top_3_acc: [0.755795419216156, 0.755795419216156, 0.755795419216156, 0.755795419216156, 0.755795419216156, 0.755795419216156, 0.755795419216156, 0.755795419216156, 0.755795419216156, 0.755795419216156, 0.755795419216156, 0.755795419216156, 0.755795419216156, 0.755795419216156, 0.755795419216156, 0.755795419216156, 0.755795419216156, 0.755795419216156, 0.755795419216156]
learning_rate: [9.999999747378752e-05, 9.999999747378752e-05, 9.999999747378752e-05, 9.999999747378752e-05, 4.999999873689376e-05, 4.999999873689376e-05, 4.999999873689376e-05, 4.999999873689376e-05, 4.999999873689376e-05, 4.999999873689376e-05, 2.499999936844688e-05, 2.499999936844688e-05, 2.499999936844688e-05, 2.499999936844688e-05, 1.249999968422344e-05, 1.249999968422344e-05, 1.249999968422344e-05, 6.24999984211172e-06, 6.24999984211172e-06]

=== Test Metrics ===
Test Loss: 1.8253706693649292
Test Accuracy: 0.34225624799728394
Top-3 Accuracy (sklearn): 0.7554808520351521
Macro F1: 0.031873222126028077
Weighted F1: 0.17454095363547392
Balanced Accuracy: 0.0625

Per-class P / R / F1 / Support:
blues: 0.0 0.0 0.0 144
classical: 0.0 0.0 0.0 2432
country: 0.0 0.0 0.0 64
easy listening: 0.0 0.0 0.0 12
electronic: 0.0 0.0 0.0 11767
experimental: 0.34225625382596153 1.0 0.5099715540164492 32987
folk: 0.0 0.0 0.0 5104
hip-hop: 0.0 0.0 0.0 5369
instrumental: 0.0 0.0 0.0 2874
international: 0.0 0.0 0.0 1424
jazz: 0.0 0.0 0.0 748
old-time : 0.0 0.0 0.0 154
pop: 0.0 0.0 0.0 3958
rock: 0.0 0.0 0.0 28060
soul-rnb: 0.0 0.0 0.0 81
spoken: 0.0 0.0 0.0 1203
